1268.965576 642.886108 52.913952 632.406250
1254.032959 477.480133 1170.806641 378.189423
12.107455 106.455299 51.548920 100.882141
14.279772 111.538925 53.747940 106.045807
14.279772 111.538925 53.747940 106.045807
15.909267 108.094536 55.730183 102.635460
1234.486572 300.690399 1198.243530 250.521133
1220.864868 295.973358 1255.967896 305.130493
1220.864868 295.973358 1258.430664 306.108490
1217.415405 930.680847 1168.636353 949.993469
1217.415405 930.680847 1049.534912 657.223022
1206.403564 558.155273 136.207001 536.265076
1202.333252 556.167114 136.207001 536.265076
1181.550415 250.910767 1219.788574 258.530975
50.115284 432.466614 66.552261 421.035614
50.115284 432.466614 66.552261 421.035614
1154.692017 450.091125 1165.045166 460.356232
1138.518433 478.340454 52.913952 632.406250
59.295319 428.592499 77.646439 416.945435
61.358295 649.329041 52.913952 632.406250
62.617172 650.486694 52.913952 632.406250
62.617172 650.486694 52.913952 632.406250
63.073143 766.378235 39.916252 747.329346
63.997494 433.939636 1228.225098 611.241394
1116.282837 203.990936 1219.788574 258.530975
1114.892334 157.588821 1163.894287 162.749924
73.317612 667.084106 64.019745 650.432617
1112.458008 926.903564 1060.810547 942.357605
1099.436279 198.394928 1198.243530 250.521133
1099.436279 198.394928 1198.243530 250.521133
1098.561646 766.555786 1067.238647 779.575500
1098.416382 418.797089 1205.147461 563.716370
99.447273 168.087555 143.800369 163.827454
103.534370 6.522968 159.469589 31.658367
1094.000366 157.596115 1153.145264 162.657623
104.367020 289.561462 139.417191 281.502838
104.367020 289.561462 139.417191 281.502838
116.789246 350.950439 139.233551 342.056702
1089.175903 564.983032 1089.556885 574.310181
1083.602661 157.622879 1158.541504 162.733566
1078.390747 157.583252 1142.343872 162.517075
123.828163 930.039062 78.221214 909.104492
126.369034 369.549957 34.145912 463.974243
126.369034 369.549957 34.145912 463.974243
133.529099 280.503326 170.363525 273.113281
133.529099 280.503326 170.363525 273.113281
134.793839 548.809143 135.438553 536.602051
1065.877686 280.466888 1157.586914 360.184357
142.649033 705.195068 126.085808 689.340820
142.649033 705.195068 126.085808 689.340820
1062.693359 157.620255 1153.145264 162.657623
147.931274 542.145752 135.438553 536.602051
1061.090454 643.047180 1077.128418 380.848419
152.199249 336.725403 178.163818 328.683380
1053.192261 666.458740 899.517334 304.973602
1052.537109 369.397919 52.913952 632.406250
1052.252319 157.607483 1142.343872 162.517075
1052.252319 157.607483 1142.343872 162.517075
1048.119385 766.739685 1015.366211 778.165405
1047.042969 157.556015 1093.970703 162.011536
1047.042969 157.556015 1093.970703 162.011536
1044.210205 159.248169 1090.949951 163.628708
1023.649963 332.105042 136.207001 536.265076
177.832611 419.008118 199.334442 410.347748
181.422256 481.882782 52.913952 632.406250
1000.241211 279.689728 1028.787720 284.905090
994.198059 191.951599 1200.130859 377.698761
196.751144 279.016602 229.477066 272.327942
974.930237 184.970016 1016.604614 188.755707
197.728668 226.585388 226.969681 222.496140
974.025269 478.468262 1077.128418 380.848419
971.540466 266.350586 136.207001 536.265076
956.780884 936.374573 898.802063 944.634216
207.799622 218.289536 231.733505 213.352295
922.339417 15.129372 964.281372 56.605595
215.613571 224.893875 239.443924 219.715973
215.613571 224.893875 239.443924 219.715973
921.453491 26.456108 967.407593 22.529865
921.044434 32.108433 966.943726 28.238991
920.563721 37.755455 967.966919 16.777023
918.332092 65.665253 965.877808 39.618874
224.570404 267.637299 1200.130859 377.698761
227.214371 418.418152 135.438553 536.602051
228.372330 417.883026 135.438553 536.602051
916.641113 87.667015 961.186401 90.022041
916.363525 184.239471 956.200256 187.515121
915.785706 98.539314 963.808167 62.174698
915.289734 103.981422 964.281372 56.605595
912.366211 141.513565 964.281372 56.605595
255.609329 232.774704 289.431061 227.970795
906.567932 180.091995 945.277771 182.173248
906.090332 154.560471 949.613770 157.222885
905.049438 179.285400 945.277771 182.173248
905.049438 179.285400 945.277771 182.173248
271.792847 397.520386 288.941803 390.696381
903.390808 397.160828 917.388977 402.042419
899.615601 146.627914 943.658020 150.118973
899.615601 146.627914 943.658020 150.118973
871.424500 516.122253 866.428467 521.506958
867.307007 313.341248 891.291565 316.940308
845.796265 241.308029 877.743103 244.479782
306.568481 204.338242 330.522339 200.301727
845.796265 241.308029 877.743103 244.479782
832.536987 212.486740 509.605774 193.946747
824.151733 396.175690 834.435425 399.636963
817.090454 204.364075 854.302002 206.779449
315.976379 315.344116 340.646393 310.606720
318.814484 299.644775 346.314911 294.483459
809.354004 160.799423 851.274109 162.842529
807.165100 170.769165 846.750061 172.136795
806.498291 170.513031 846.750061 172.136795
324.765259 421.499634 247.955658 544.416016
333.149475 304.681824 357.504486 300.021637
333.149475 304.681824 357.504486 300.021637
333.730164 317.239777 358.212830 312.677246
790.661743 312.485291 812.514404 314.920044
336.672638 327.657440 357.724579 322.671753
337.048065 331.404999 358.896912 326.309448
341.631927 324.252960 363.077209 319.285889
343.245270 336.569031 364.642181 331.672363
346.993713 259.371490 259.735199 402.196716
349.044098 331.680420 370.944458 326.922729
752.496704 204.025406 787.997925 205.634399
725.125977 160.989990 766.236816 162.008789
706.341370 493.814667 704.192017 494.782623
706.222656 113.440598 741.673645 113.737793
363.545166 251.772598 396.207916 248.153427
369.143402 326.356781 390.773743 321.954926
696.040100 486.883240 694.812805 487.566833
686.834412 487.272003 685.365479 487.430725
686.834412 487.272003 685.365479 487.430725
683.989075 468.168884 685.468689 468.662262
383.118347 376.596283 397.199615 372.588013
682.355164 483.086792 681.553711 483.475861
677.256409 474.070251 677.317566 474.326569
677.256409 474.070251 677.317566 474.326569
675.206726 478.630585 675.397766 479.195984
675.049683 501.079926 624.667908 500.663116
671.466553 469.461456 672.407166 469.475250
669.630188 480.072083 669.596558 480.240875
669.630188 480.072083 669.596558 480.240875
662.938782 473.734558 663.167236 473.844177
662.839417 480.054413 662.211548 480.170135
662.839417 480.054413 662.211548 480.170135
394.177551 204.501907 432.185547 201.755417
661.200073 764.070618 624.793213 763.230530
657.476196 475.462769 672.407166 469.475250
650.825928 292.513153 671.897095 331.629547
648.371338 65.997971 690.437500 65.839882
648.117249 125.742203 689.560059 125.602417
647.559814 77.152290 689.533691 77.035767
647.445557 289.347351 671.486877 289.241913
646.515808 178.867554 680.589844 218.417099
412.571930 860.857422 366.972778 851.056396
645.548218 66.971848 687.609375 66.982758
643.671082 64.646790 685.744995 64.758568
642.062073 485.005615 641.486450 484.182556
642.062073 485.005615 641.486450 484.182556
640.064880 184.346237 677.403381 184.321045
640.064880 184.346237 677.403381 184.321045
638.976196 226.306870 671.248047 226.259399
637.147522 280.181061 671.248047 226.259399
420.207092 166.683594 462.412079 164.504761
633.289490 479.924683 633.005615 479.296570
633.289490 479.924683 633.005615 479.296570
631.837097 351.630768 647.663452 351.319000
628.901855 458.334290 630.356445 457.255768
625.330933 469.973419 626.286438 468.881409
613.924072 460.944305 615.994934 460.037476
603.781006 763.422546 603.004150 550.466309
576.857239 184.260376 615.061951 183.531281
576.857239 184.260376 615.061951 183.531281
431.780731 251.108063 462.128143 248.310806
569.186401 226.380127 601.625000 225.828262
563.609619 929.505432 506.957855 924.479248
561.513489 280.441193 587.632263 279.329071
558.850403 707.249573 533.066711 703.549805
551.944153 351.862823 568.849365 350.382812
538.246643 451.662476 542.297485 449.154358
538.246643 451.662476 542.297485 449.154358
507.528137 929.662781 451.520294 922.591919
506.593445 442.165253 850.196045 692.745117
487.630890 161.864624 528.565979 160.373581
458.700714 203.962555 494.420471 201.767746
3.627985 724.061584 1275.819458 660.112732
458.030609 384.659668 432.285370 469.715790
1231.924072 596.327881 826.536011 518.861328
27.333645 686.676270 15.616698 668.564758
48.631714 654.821960 39.869026 637.864441
1121.610840 456.704163 1237.048828 624.186951
74.754158 419.526642 131.684830 541.357422
122.367821 373.084259 145.725098 363.822083
1025.958130 336.077271 1201.393555 572.503601
176.060104 482.144165 184.203293 471.504700
1011.441101 544.732117 251.288208 410.886597
432.860504 43.584839 476.364319 42.953335
432.860504 43.584839 476.364319 42.953335
219.155640 643.311218 311.190704 470.955566
242.162827 398.843445 68.530014 432.185303
569.358154 75.423965 611.589355 75.895370
877.205261 642.033081 829.691895 480.295868
863.750000 372.803192 332.216309 488.519745
845.812622 331.482330 339.912872 416.047485
306.804443 370.414001 324.814575 364.398804
428.862213 473.178467 432.285370 469.715790
312.791992 309.788391 336.061188 304.960754
312.791992 309.788391 336.061188 304.960754
320.282562 517.593872 316.310303 515.424377
806.658569 421.982941 836.090637 558.639404
796.299927 406.305878 825.821106 535.461060
779.483032 331.119843 836.090637 558.639404
772.846313 293.207062 828.727539 481.500824
718.847717 371.803925 734.308472 377.984009
688.487244 501.524353 624.667908 500.663116
378.674286 323.921082 399.846466 319.782684
382.000366 369.953522 398.931732 365.401215
411.561432 929.390747 357.376678 918.909485
645.295959 123.836739 686.857056 124.538452
417.028076 837.078857 458.564758 589.628723
627.418213 501.370209 624.667908 500.663116
1072.405273 650.489868 373.713959 416.603912
54.022064 648.205261 184.203293 471.504700
32.650932 930.122314 178.681885 633.637695
591.759949 931.020386 583.319336 644.909180
1268.019043 331.534271 39.869026 637.864441
198.665161 296.053741 145.725098 363.822083
659.894714 589.945374 1228.225098 611.241394
461.994232 639.395203 829.691895 480.295868
792.647949 394.121643 822.632385 516.916016
